ListLinePlot[{{1.0000000000,
0.8000000000,
0.6604800000,
0.5514338976,
0.4612686770,
0.3847179143},

{1.0000000000,
0.9000000000,
0.8172900000,
0.7464793887,
0.6843103042,
0.6286972432,
0.5782524695,
0.5320284446,
0.4893671046,
0.4498058912,
0.4130159438},

{1.0000000000,
0.9500000000,
0.9046434375,
0.8631129750,
0.8247797370,
0.7891514101,
0.7558369882,
0.7245221654,
0.6949517470,
0.6669168088,
0.6402451422,
0.6147940187,
0.5904446229,
0.5670977018,
0.5446701183,
0.5230920822,
0.5023048997,
0.4822591210,
0.4629130017,
0.4442312125,
0.4261837487},

{1.00000000, 0.9088274401,0.8316277141 ,0.7644822227,0.7048599048,0.6509433783,0.6017567121,0.5564237851,0.5143788543,0.4751857617,0.4385567392}

}, PlotRange->{0,1}, DataRange -> {0, 1}, Mesh->Full, MeshStyle->PointSize[0.005]]
